index,axis-0,axis-1,axis-2
0,1.0,115.516,6.174
1,1.0,121.933,1.04
2,1.0,114.233,1.297
3,1.0,62.128,0.013
4,1.0,123.987,6.687
5,1.0,123.473,12.334
6,2.0,123.217,12.59
7,2.0,123.217,16.44
8,2.0,107.816,0.27
9,2.0,112.436,6.43
10,2.0,123.73,1.04
11,2.0,116.8,1.81
12,2.0,112.693,2.067
13,3.0,122.703,17.21
14,3.0,122.19,10.28
15,3.0,122.96,1.81
16,3.0,110.383,14.644
17,3.0,112.693,9.51
18,3.0,114.49,1.297
19,3.0,116.03,5.66
20,3.0,112.436,5.66
21,3.0,82.662,0.783
22,3.0,79.582,1.04
23,4.0,122.19,23.114
24,4.0,120.907,24.654
25,4.0,109.87,21.061
26,4.0,109.87,14.387
27,4.0,102.683,21.574
28,4.0,85.486,4.89
29,4.0,74.962,0.783
30,4.0,82.149,2.323
31,4.0,122.96,6.43
32,4.0,122.96,10.537
33,4.0,123.473,1.04
34,4.0,95.496,14.644
35,4.0,90.106,11.307
36,5.0,122.19,41.338
37,5.0,117.056,42.364
38,5.0,120.907,33.124
39,5.0,121.677,22.857
40,5.0,114.746,26.707
41,5.0,103.453,23.371
42,5.0,108.073,27.477
43,5.0,109.613,21.574
44,5.0,98.319,20.034
45,5.0,99.603,24.654
46,5.0,103.709,18.751
47,5.0,97.806,1.04
48,5.0,123.473,7.97
49,5.0,112.436,4.633
50,5.0,81.122,8.227
51,5.0,72.652,1.297
52,5.0,82.406,3.093
53,5.0,77.015,6.687
54,5.0,59.048,1.553
55,5.0,67.775,0.013
56,6.0,118.083,46.215
57,6.0,122.96,49.295
58,6.0,122.703,28.761
59,6.0,123.217,39.028
60,6.0,118.34,40.824
61,6.0,111.41,35.691
62,6.0,106.533,34.151
63,6.0,99.089,30.044
64,6.0,93.956,24.141
65,6.0,97.036,24.141
66,6.0,106.79,23.371
67,6.0,112.436,26.451
68,6.0,117.313,30.044
69,6.0,97.549,3.35
70,6.0,98.576,0.527
71,6.0,80.609,11.564
72,6.0,79.069,3.607
73,6.0,75.475,7.97
74,6.0,68.545,4.377
75,6.0,60.845,5.917
76,6.0,59.048,1.553
77,6.0,64.695,3.863
78,6.0,67.775,1.553
79,6.0,40.568,1.04
80,6.0,123.473,22.857
81,7.0,122.96,68.802
82,7.0,118.083,68.545
83,7.0,122.96,29.274
84,7.0,122.96,33.894
85,7.0,120.907,32.868
86,7.0,99.346,2.067
87,7.0,95.753,0.27
88,7.0,69.059,9.51
89,7.0,60.588,8.74
90,7.0,63.155,3.863
91,7.0,57.252,1.81
92,7.0,120.907,50.578
93,7.0,122.703,43.905
94,7.0,116.286,45.701
95,7.0,116.543,37.231
96,7.0,105.763,39.541
97,7.0,101.143,35.178
98,7.0,94.213,32.611
99,7.0,97.549,25.681
100,7.0,103.966,30.557
101,7.0,109.356,35.691
102,7.0,118.34,4.377
103,7.0,111.666,1.553
104,8.0,121.933,69.829
105,8.0,115.516,69.572
106,8.0,117.826,68.545
107,8.0,115.26,64.695
108,8.0,112.18,62.385
109,8.0,121.42,52.631
110,8.0,111.153,45.958
111,8.0,123.473,44.418
112,8.0,120.137,38.514
113,8.0,116.286,38.258
114,8.0,115.773,43.648
115,8.0,107.303,39.798
116,8.0,102.426,42.108
117,8.0,102.426,33.894
118,8.0,103.966,37.488
119,8.0,97.036,36.974
120,8.0,87.796,33.638
121,8.0,95.239,32.611
122,8.0,83.176,29.017
123,8.0,93.956,27.734
124,8.0,90.362,29.787
125,8.0,94.983,38.258
126,8.0,97.293,0.27
127,8.0,102.683,3.607
128,8.0,99.089,7.97
129,8.0,99.346,13.104
130,8.0,94.213,9.51
131,8.0,90.106,5.66
132,8.0,118.853,21.317
133,8.0,117.313,19.264
134,8.0,100.629,18.494
135,8.0,61.615,13.617
136,8.0,63.668,8.74
137,8.0,54.685,13.874
138,8.0,56.225,6.944
139,8.0,59.048,3.607
140,8.0,48.781,5.147
141,8.0,55.712,-0.243
142,8.0,45.188,3.093
143,8.0,42.364,1.297
144,8.0,52.118,3.607
145,8.0,111.41,68.032
146,8.0,114.49,7.2
147,8.0,33.894,1.297
148,8.0,91.389,14.387
149,9.0,115.26,68.032
150,9.0,114.233,66.748
151,9.0,111.666,63.412
152,9.0,111.153,70.599
153,9.0,111.923,65.978
154,9.0,118.853,35.434
155,9.0,114.233,39.541
156,9.0,116.8,36.718
157,9.0,121.163,49.295
158,9.0,116.286,54.428
159,9.0,111.923,50.065
160,9.0,118.34,46.471
161,9.0,103.709,45.958
162,9.0,103.709,42.108
163,9.0,98.833,43.391
164,9.0,99.603,39.541
165,9.0,94.213,40.311
166,9.0,94.726,35.948
167,9.0,89.592,38.001
168,9.0,89.592,33.894
169,9.0,86.256,39.798
170,9.0,83.946,33.381
171,9.0,88.052,30.814
172,9.0,83.176,29.274
173,9.0,76.502,27.991
174,9.0,70.855,24.397
175,9.0,65.978,21.831
176,9.0,57.252,17.724
177,9.0,63.412,16.184
178,9.0,58.022,13.874
179,9.0,52.631,14.13
180,9.0,53.658,10.28
181,9.0,50.578,8.484
182,9.0,48.011,4.89
183,9.0,44.931,10.024
184,9.0,43.134,5.66
185,9.0,31.328,2.837
186,9.0,36.718,1.81
187,9.0,43.134,6.944
188,9.0,44.931,2.323
189,9.0,97.549,14.644
190,9.0,92.929,12.334
191,9.0,96.266,4.377
192,9.0,99.603,11.05
193,9.0,111.666,5.403
194,9.0,89.079,17.98
195,9.0,123.217,71.369
196,10.0,122.703,79.839
197,10.0,123.217,73.422
198,10.0,116.03,68.802
199,10.0,111.923,67.262
200,10.0,115.003,64.182
201,10.0,123.473,50.065
202,10.0,120.393,54.941
203,10.0,111.153,56.738
204,10.0,115.003,52.118
205,10.0,115.773,56.482
206,10.0,117.826,36.461
207,10.0,123.73,35.178
208,10.0,121.163,31.584
209,10.0,116.03,14.9
210,10.0,118.083,6.687
211,10.0,93.443,7.457
212,10.0,94.469,15.67
213,10.0,100.629,25.424
214,10.0,103.196,29.274
215,10.0,107.046,47.241
216,10.0,98.833,56.482
217,10.0,93.956,51.091
218,10.0,97.806,41.594
219,10.0,88.052,38.514
220,10.0,81.636,33.638
221,10.0,73.422,32.868
222,10.0,72.909,27.477
223,10.0,65.978,28.247
224,10.0,68.545,25.167
225,10.0,63.155,24.141
226,10.0,57.765,21.061
227,10.0,64.438,21.317
228,10.0,54.941,16.184
229,10.0,44.931,11.307
230,10.0,51.861,11.564
231,10.0,36.461,6.43
232,10.0,29.531,2.837
233,10.0,34.664,2.837
234,10.0,49.551,6.944
235,10.0,113.976,71.625
236,10.0,114.746,37.744
237,11.0,121.42,92.159
238,11.0,122.703,79.069
239,11.0,108.33,83.176
240,11.0,99.859,80.866
241,11.0,93.956,80.609
242,11.0,74.449,77.529
243,11.0,121.42,68.545
244,11.0,113.72,71.625
245,11.0,107.303,74.705
246,11.0,121.677,59.305
247,11.0,116.286,62.642
248,11.0,111.923,64.182
249,11.0,105.249,65.978
250,11.0,100.629,68.032
251,11.0,99.089,71.369
252,11.0,95.496,69.315
253,11.0,94.213,65.208
254,11.0,87.282,66.748
255,11.0,88.052,72.909
256,11.0,82.149,62.128
257,11.0,90.106,59.048
258,11.0,98.576,56.738
259,11.0,101.913,52.118
260,11.0,107.046,52.631
261,11.0,116.543,55.455
262,11.0,121.163,55.968
263,11.0,122.96,39.541
264,11.0,122.447,34.408
265,11.0,122.703,27.991
266,11.0,105.249,30.814
267,11.0,103.966,42.108
268,11.0,107.816,44.418
269,11.0,96.779,49.295
270,11.0,88.566,52.375
271,11.0,83.176,50.578
272,11.0,91.389,42.364
273,11.0,80.609,40.054
274,11.0,75.732,41.594
275,11.0,69.829,36.204
276,11.0,80.609,34.151
277,11.0,73.935,30.301
278,11.0,65.208,30.814
279,11.0,67.262,24.654
280,11.0,58.535,24.911
281,11.0,58.535,19.007
282,11.0,50.321,20.804
283,11.0,52.375,14.644
284,11.0,44.931,19.521
285,11.0,44.675,12.334
286,11.0,39.028,12.847
287,11.0,34.408,9.51
288,11.0,35.434,6.687
289,11.0,30.301,6.174
290,11.0,32.354,3.093
291,11.0,25.424,4.633
292,11.0,91.902,8.997
293,11.0,95.753,5.917
294,11.0,92.416,18.494
295,11.0,90.106,21.831
296,12.0,118.083,99.346
297,12.0,106.79,92.672
298,12.0,99.346,83.432
299,12.0,89.336,82.919
300,12.0,85.999,69.829
301,12.0,77.529,68.545
302,12.0,77.529,60.845
303,12.0,82.662,53.658
304,12.0,91.646,48.268
305,12.0,86.769,46.728
306,12.0,93.699,43.391
307,12.0,101.656,43.134
308,12.0,107.303,42.878
309,12.0,118.083,35.434
310,12.0,109.613,12.59
311,12.0,109.356,3.863
312,12.0,98.833,4.633
313,12.0,88.052,0.013
314,12.0,92.159,7.714
315,12.0,77.529,13.874
316,12.0,81.379,21.061
317,12.0,81.636,27.221
318,12.0,75.219,35.434
319,12.0,78.299,39.284
320,12.0,67.775,39.541
321,12.0,57.252,36.461
322,12.0,70.085,31.071
323,12.0,62.642,25.424
324,12.0,56.995,25.167
325,12.0,50.321,21.574
326,12.0,40.311,20.034
327,12.0,33.894,22.857
328,12.0,30.814,13.104
329,12.0,36.461,7.714
330,12.0,30.814,6.43
331,12.0,21.061,3.35
332,12.0,123.73,30.044
333,12.0,111.41,79.839
334,12.0,119.11,79.069
335,12.0,112.95,72.395
336,12.0,98.576,70.855
337,12.0,104.479,66.748
338,12.0,97.036,60.075
339,12.0,115.003,64.182
340,12.0,120.65,60.845
341,12.0,121.677,56.225
342,12.0,113.463,56.482
343,13.0,122.19,109.87
344,13.0,114.233,109.1
345,13.0,112.693,99.346
346,13.0,104.993,92.672
347,13.0,117.313,84.716
348,13.0,121.42,78.299
349,13.0,120.65,63.155
350,13.0,112.18,73.935
351,13.0,103.196,80.352
352,13.0,88.052,84.459
353,13.0,81.122,76.502
354,13.0,74.449,67.262
355,13.0,79.839,56.225
356,13.0,77.272,49.551
357,13.0,93.956,41.594
358,13.0,89.336,48.525
359,13.0,82.662,42.621
360,13.0,113.463,49.038
361,13.0,116.286,39.541
362,13.0,111.41,43.134
363,13.0,110.126,15.67
364,13.0,109.356,6.174
365,13.0,102.426,3.35
366,13.0,91.389,2.323
367,13.0,85.999,3.093
368,13.0,78.812,12.59
369,13.0,69.059,33.381
370,13.0,65.208,38.514
371,13.0,57.765,41.594
372,13.0,52.118,36.974
373,13.0,58.792,26.707
374,13.0,50.835,21.831
375,13.0,43.391,27.734
376,13.0,46.728,20.034
377,13.0,32.354,21.574
378,13.0,40.824,16.184
379,13.0,28.761,14.13
380,13.0,29.017,8.227
381,13.0,24.397,20.804
382,13.0,17.467,3.863
383,13.0,24.397,8.997
384,14.0,87.796,101.399
385,14.0,80.609,97.806
386,14.0,111.153,109.356
387,14.0,121.163,111.41
388,14.0,119.88,51.348
389,14.0,108.586,43.905
390,14.0,99.346,42.364
391,14.0,91.902,41.338
392,14.0,82.919,41.851
393,14.0,79.325,47.755
394,14.0,73.679,51.348
395,14.0,69.829,58.278
396,14.0,78.042,63.412
397,14.0,72.909,68.802
398,14.0,77.785,78.042
399,14.0,84.202,81.636
400,14.0,92.159,83.432
401,14.0,102.169,81.122
402,14.0,109.356,77.529
403,14.0,113.206,72.395
404,14.0,115.773,65.722
405,14.0,121.163,62.385
406,14.0,88.566,3.607
407,14.0,102.169,4.89
408,14.0,110.383,7.2
409,14.0,113.463,15.927
410,14.0,108.843,19.264
411,14.0,102.169,21.831
412,14.0,99.859,16.44
413,14.0,91.902,17.467
414,14.0,58.278,45.445
415,14.0,60.588,38.514
416,14.0,76.245,28.761
417,14.0,64.182,16.44
418,14.0,62.898,27.477
419,14.0,56.738,27.477
420,14.0,51.091,24.654
421,14.0,45.445,22.857
422,14.0,40.311,21.061
423,14.0,26.707,26.964
424,14.0,37.744,35.178
425,14.0,44.931,37.488
426,14.0,53.401,45.188
427,14.0,53.658,37.231
428,14.0,24.141,21.317
429,14.0,30.814,19.521
430,14.0,40.311,16.184
431,14.0,28.504,14.9
432,14.0,16.954,12.077
433,14.0,20.291,3.863
434,14.0,8.484,3.35
435,14.0,24.911,10.537
436,15.0,105.763,80.095
437,15.0,110.896,74.705
438,15.0,118.597,71.112
439,15.0,119.11,61.872
440,15.0,108.33,64.695
441,15.0,100.373,70.599
442,15.0,100.886,59.048
443,15.0,89.592,61.358
444,15.0,92.672,67.262
445,15.0,94.983,87.539
446,15.0,84.202,88.052
447,15.0,85.999,77.272
448,15.0,76.759,81.122
449,15.0,72.395,77.015
450,15.0,67.005,70.342
451,15.0,81.379,68.802
452,15.0,73.165,62.385
453,15.0,74.705,55.198
454,15.0,70.599,44.418
455,15.0,80.609,44.418
456,15.0,97.549,42.364
457,15.0,99.603,48.525
458,15.0,99.603,53.401
459,15.0,109.613,45.958
460,15.0,117.313,52.375
461,15.0,109.613,21.061
462,15.0,99.603,18.751
463,15.0,105.249,12.077
464,15.0,114.746,15.157
465,15.0,109.613,5.66
466,15.0,102.169,5.66
467,15.0,96.009,3.35
468,15.0,99.603,13.104
469,15.0,54.428,51.605
470,15.0,38.771,63.155
471,15.0,114.746,111.923
472,15.0,121.42,117.826
473,15.0,36.204,43.648
474,15.0,27.477,22.087
475,15.0,14.644,7.457
476,15.0,3.093,3.35
477,15.0,15.67,18.237
478,15.0,20.291,2.837
479,15.0,41.594,22.857
480,15.0,56.482,27.734
481,15.0,52.631,39.284
482,15.0,75.732,27.734
483,15.0,61.615,14.644
484,15.0,73.935,5.403
485,15.0,86.256,6.944
486,15.0,95.753,29.017
487,16.0,120.393,124.757
488,16.0,108.586,108.33
489,16.0,107.046,84.202
490,16.0,117.313,73.935
491,16.0,107.816,63.668
492,16.0,108.33,58.792
493,16.0,98.576,47.755
494,16.0,91.132,56.738
495,16.0,97.549,63.925
496,16.0,88.822,68.545
497,16.0,78.555,70.342
498,16.0,69.315,72.909
499,16.0,78.555,77.015
500,16.0,90.362,77.785
501,16.0,100.886,79.839
502,16.0,107.303,72.395
503,16.0,98.319,72.395
504,16.0,40.568,64.182
505,16.0,35.434,60.332
506,16.0,25.424,57.508
507,16.0,37.231,53.658
508,16.0,28.504,48.525
509,16.0,19.264,42.621
510,16.0,30.814,42.878
511,16.0,44.161,51.348
512,16.0,53.658,55.968
513,16.0,49.808,69.572
514,16.0,55.455,83.176
515,16.0,59.305,98.319
516,16.0,78.299,93.186
517,16.0,23.371,25.937
518,16.0,14.644,21.574
519,16.0,20.291,14.13
520,16.0,9.767,8.74
521,16.0,2.58,3.607
522,16.0,9.767,1.553
523,16.0,58.278,29.787
524,16.0,41.851,12.59
525,16.0,62.128,19.521
526,16.0,77.272,12.59
527,16.0,72.395,8.74
528,16.0,78.299,3.093
529,16.0,94.213,1.81
530,16.0,94.469,6.43
531,16.0,92.416,10.794
532,16.0,94.726,19.777
533,16.0,98.833,24.397
534,16.0,110.383,22.601
535,16.0,104.479,17.467
536,16.0,100.886,17.21
537,16.0,107.816,13.104
538,16.0,109.1,9.767
539,16.0,108.586,6.43
540,16.0,103.453,8.997
541,16.0,103.709,0.013
542,16.0,102.939,4.377
543,16.0,99.859,42.364
544,16.0,87.282,41.081
545,16.0,72.395,46.471
546,16.0,69.572,44.418
547,16.0,66.748,48.268
548,16.0,65.208,59.048
549,16.0,70.085,64.695
550,17.0,105.506,105.249
551,17.0,117.57,119.11
552,17.0,74.192,102.939
553,17.0,65.208,90.619
554,17.0,64.695,74.705
555,17.0,100.886,81.892
556,17.0,115.003,74.192
557,17.0,110.64,58.022
558,17.0,101.399,66.748
559,17.0,89.849,57.252
560,17.0,89.079,69.315
561,17.0,49.038,77.015
562,17.0,41.851,63.155
563,17.0,37.231,55.198
564,17.0,24.911,56.738
565,17.0,13.874,44.931
566,17.0,15.157,31.841
567,17.0,15.927,13.874
568,17.0,4.89,2.58
569,17.0,42.364,11.564
570,17.0,31.584,0.527
571,17.0,61.102,30.557
572,17.0,67.518,46.471
573,17.0,64.182,58.792
574,17.0,85.229,46.215
575,17.0,102.683,50.578
576,17.0,104.993,26.194
577,17.0,119.367,16.954
578,17.0,100.886,15.414
579,17.0,117.056,8.74
580,17.0,103.453,5.403
581,17.0,74.705,12.334
582,17.0,74.192,4.89
583,17.0,96.266,5.917
584,17.0,63.668,1.553
585,17.0,63.668,13.36
586,17.0,40.824,26.194
587,18.0,62.385,157.098
588,18.0,110.383,129.12
589,18.0,102.683,128.863
590,18.0,97.806,128.35
591,18.0,77.015,125.783
592,18.0,45.701,129.89
593,18.0,104.223,109.1
594,18.0,118.853,101.913
595,18.0,102.683,90.619
596,18.0,115.26,80.866
597,18.0,100.629,80.352
598,18.0,108.33,74.192
599,18.0,102.683,70.085
600,18.0,109.356,57.765
601,18.0,92.929,58.278
602,18.0,85.486,54.685
603,18.0,88.309,64.182
604,18.0,85.742,72.652
605,18.0,78.299,75.475
606,18.0,72.909,72.652
607,18.0,73.935,82.919
608,18.0,64.952,97.549
609,18.0,75.219,103.453
610,18.0,64.438,108.586
611,18.0,51.348,103.966
612,18.0,49.038,88.566
613,18.0,51.091,75.219
614,18.0,40.568,73.679
615,18.0,54.685,60.075
616,18.0,42.621,59.818
617,18.0,23.114,53.915
618,18.0,10.794,46.728
619,18.0,9.51,60.332
620,18.0,15.157,33.381
621,18.0,16.184,17.21
622,18.0,11.307,10.28
623,18.0,6.174,3.607
624,18.0,42.364,12.334
625,18.0,44.418,1.297
626,18.0,57.765,12.847
627,18.0,65.722,0.27
628,18.0,72.395,4.89
629,18.0,58.792,35.178
630,18.0,64.952,45.958
631,18.0,71.882,43.391
632,18.0,92.416,33.894
633,18.0,105.763,33.638
634,18.0,117.313,27.991
635,18.0,92.159,23.114
636,18.0,116.03,19.264
637,18.0,111.666,13.104
638,18.0,115.773,1.553
639,18.0,124.243,13.874
640,18.0,107.303,20.291
641,18.0,100.629,3.093
642,19.0,97.293,144.777
643,19.0,107.046,130.147
644,19.0,121.42,126.81
645,19.0,106.79,109.87
646,19.0,102.426,90.362
647,19.0,102.169,81.892
648,19.0,83.432,84.459
649,19.0,74.192,80.866
650,19.0,64.438,99.603
651,19.0,63.925,107.046
652,19.0,49.295,107.303
653,19.0,48.268,94.213
654,19.0,75.989,126.04
655,19.0,59.818,91.132
656,19.0,39.284,82.919
657,19.0,48.781,73.935
658,19.0,41.338,62.642
659,19.0,12.077,61.358
660,19.0,8.997,45.188
661,19.0,18.237,16.697
662,19.0,9.51,8.74
663,19.0,59.048,10.794
664,19.0,58.535,49.551
665,19.0,53.915,31.584
666,19.0,73.935,50.578
667,19.0,77.015,62.642
668,19.0,94.469,65.978
669,19.0,85.486,56.482
670,19.0,90.619,34.921
671,19.0,99.346,35.691
672,19.0,104.479,29.017
673,19.0,100.629,23.114
674,19.0,115.516,27.991
675,19.0,105.763,17.98
676,19.0,120.65,21.574
677,19.0,109.87,13.104
678,19.0,122.19,15.927
679,19.0,117.056,9.254
680,19.0,116.8,2.837
681,20.0,119.623,157.098
682,20.0,89.592,152.477
683,20.0,97.549,146.574
684,20.0,85.742,145.804
685,20.0,122.19,131.944
686,20.0,123.473,115.773
687,20.0,113.72,134.767
688,20.0,109.1,113.976
689,20.0,104.223,130.403
690,20.0,75.475,133.227
691,20.0,74.192,128.863
692,20.0,72.139,123.73
693,20.0,63.925,126.04
694,20.0,67.005,108.073
695,20.0,58.278,102.169
696,20.0,65.208,98.319
697,20.0,68.802,93.956
698,20.0,101.656,92.672
699,20.0,119.623,92.929
700,20.0,116.8,73.165
701,20.0,101.143,81.892
702,20.0,87.539,88.309
703,20.0,82.149,85.999
704,20.0,72.139,83.176
705,20.0,65.978,79.069
706,20.0,56.225,90.876
707,20.0,46.728,109.613
708,20.0,48.011,101.656
709,20.0,46.471,90.619
710,20.0,42.108,87.282
711,20.0,40.054,79.069
712,20.0,43.648,73.165
713,20.0,44.418,65.465
714,20.0,52.118,57.252
715,20.0,60.588,51.605
716,20.0,71.112,53.145
717,20.0,67.775,62.898
718,20.0,83.689,63.925
719,20.0,85.486,57.508
720,20.0,94.469,65.722
721,20.0,82.149,45.445
722,20.0,77.785,40.054
723,20.0,87.796,36.974
724,20.0,98.319,36.204
725,20.0,89.592,28.247
726,20.0,104.993,29.274
727,20.0,99.346,25.937
728,20.0,104.993,16.954
729,20.0,121.933,19.007
730,20.0,114.233,10.794
731,20.0,97.293,11.307
732,20.0,106.276,7.457
733,20.0,119.623,2.58
734,20.0,115.516,0.783
735,20.0,59.048,34.151
736,20.0,55.968,22.857
737,20.0,62.898,12.077
738,20.0,18.494,15.927
739,20.0,12.334,10.28
740,20.0,2.067,26.194
741,20.0,6.944,43.905
742,20.0,11.564,50.321
743,20.0,9.51,67.518
744,21.0,93.186,88.822
745,21.0,79.069,84.716
746,21.0,71.625,83.946
747,21.0,69.315,75.989
748,21.0,57.765,76.502
749,21.0,58.535,88.566
750,21.0,56.482,91.132
751,21.0,65.722,90.362
752,21.0,64.952,98.833
753,21.0,58.792,103.453
754,21.0,50.835,98.576
755,21.0,59.305,110.126
756,21.0,68.802,121.933
757,21.0,61.358,126.553
758,21.0,112.693,136.307
759,21.0,86.769,155.557
760,21.0,73.165,150.167
761,21.0,122.96,118.083
762,21.0,106.79,111.41
763,21.0,121.163,91.132
764,21.0,123.217,75.732
765,21.0,121.933,15.157
766,21.0,116.8,26.964
767,21.0,105.249,26.451
768,21.0,94.983,23.884
769,21.0,89.336,32.611
770,21.0,106.276,12.334
771,21.0,116.543,1.297
772,21.0,100.116,6.944
773,21.0,53.401,24.911
774,21.0,55.711,35.434
775,21.0,23.371,20.034
776,21.0,10.794,9.51
777,21.0,0.527,27.477
778,21.0,3.863,39.284
779,21.0,5.917,50.835
780,21.0,9.51,66.235
781,21.0,10.537,84.972
782,21.0,81.892,46.728
783,21.0,73.422,55.968
784,21.0,62.385,52.888
785,21.0,51.091,57.508
786,21.0,42.364,69.829
787,21.0,39.284,82.406
788,21.0,40.824,101.656
789,21.0,48.525,112.95
790,22.0,115.26,145.291
791,22.0,111.41,130.917
792,22.0,121.677,113.72
793,22.0,122.703,104.223
794,22.0,108.33,118.083
795,22.0,122.447,87.796
796,22.0,121.933,75.732
797,22.0,121.933,66.235
798,22.0,119.367,49.295
799,22.0,119.623,19.777
800,22.0,107.046,13.104
801,22.0,95.753,4.12
802,22.0,90.106,15.927
803,22.0,89.849,28.247
804,22.0,98.833,17.98
805,22.0,103.196,28.761
806,22.0,99.346,36.974
807,22.0,88.309,46.728
808,22.0,83.432,43.391
809,22.0,76.245,37.231
810,22.0,67.262,40.311
811,22.0,56.738,37.488
812,22.0,44.931,32.611
813,22.0,39.798,30.301
814,22.0,26.964,24.397
815,22.0,20.547,18.751
816,22.0,14.644,13.36
817,22.0,4.12,5.403
818,22.0,7.457,36.461
819,22.0,3.863,52.888
820,22.0,4.633,64.182
821,22.0,7.2,73.165
822,22.0,14.13,69.059
823,22.0,10.537,87.539
824,22.0,26.194,80.866
825,22.0,35.948,82.406
826,22.0,40.311,69.829
827,22.0,44.931,59.562
828,22.0,66.492,52.375
829,22.0,70.855,65.722
830,22.0,70.342,80.866
831,22.0,64.438,77.272
832,22.0,58.022,78.042
833,22.0,53.915,75.475
834,22.0,46.728,89.079
835,22.0,44.418,99.089
836,22.0,55.455,94.726
837,22.0,54.941,101.656
838,22.0,61.615,117.056
839,22.0,68.545,118.34
840,22.0,56.225,126.04
841,22.0,60.075,131.174
842,22.0,67.518,145.291
843,22.0,75.475,144.521
844,22.0,119.11,165.824
845,22.0,98.063,164.284
846,22.0,79.582,159.151
847,22.0,88.566,106.79
848,22.0,98.576,66.235
849,22.0,81.636,88.566
850,23.0,106.02,121.677
851,23.0,123.217,111.923
852,23.0,121.677,105.249
853,23.0,121.42,92.929
854,23.0,119.367,81.122
855,23.0,122.447,75.989
856,23.0,120.65,61.102
857,23.0,120.65,21.574
858,23.0,97.293,17.21
859,23.0,107.046,20.547
860,23.0,90.876,28.761
861,23.0,108.073,35.178
862,23.0,99.089,44.675
863,23.0,78.555,47.241
864,23.0,72.395,36.204
865,23.0,91.646,10.024
866,23.0,55.968,10.28
867,23.0,93.956,2.837
868,23.0,51.605,24.141
869,23.0,56.738,35.948
870,23.0,41.338,32.354
871,23.0,35.434,27.991
872,23.0,25.424,21.061
873,23.0,16.697,17.21
874,23.0,9.254,4.633
875,23.0,13.36,46.985
876,23.0,8.74,63.925
877,23.0,12.334,72.909
878,23.0,5.147,61.615
879,23.0,42.108,102.939
880,23.0,46.215,91.389
881,23.0,48.011,82.149
882,23.0,31.841,79.069
883,23.0,33.381,94.983
884,23.0,63.668,81.122
885,23.0,50.065,55.198
886,23.0,44.161,67.262
887,23.0,59.562,67.262
888,23.0,53.401,105.249
889,23.0,61.358,97.549
890,23.0,73.935,94.726
891,23.0,90.362,94.983
892,23.0,82.406,124.757
893,23.0,69.829,108.33
894,23.0,49.295,119.367
895,23.0,58.022,132.97
896,23.0,64.695,122.447
897,23.0,69.059,121.42
898,23.0,68.545,149.911
899,23.0,72.652,156.328
900,23.0,88.822,163.258
901,23.0,95.753,164.541
902,23.0,108.073,168.905
903,23.0,116.8,167.621
904,23.0,114.49,150.167
905,23.0,115.26,145.804
906,23.0,104.736,143.237
907,23.0,121.933,137.59
908,23.0,61.102,144.521
909,23.0,94.983,137.334
910,23.0,44.675,2.837
911,24.0,106.02,143.237
912,24.0,120.907,137.334
913,24.0,122.703,115.516
914,24.0,118.34,103.196
915,24.0,120.907,86.769
916,24.0,107.816,97.549
917,24.0,88.052,94.469
918,24.0,94.983,83.176
919,24.0,75.732,82.919
920,24.0,73.422,96.009
921,24.0,60.075,94.213
922,24.0,51.348,100.629
923,24.0,54.428,109.1
924,24.0,61.615,114.746
925,24.0,53.401,121.933
926,24.0,58.792,132.2
927,24.0,80.352,126.81
928,24.0,90.876,127.067
929,24.0,91.646,147.857
930,24.0,97.036,165.568
931,24.0,120.137,172.498
932,24.0,108.073,173.011
933,24.0,94.726,174.038
934,24.0,79.839,170.958
935,24.0,68.802,159.151
936,24.0,57.252,142.98
937,24.0,45.958,99.859
938,24.0,45.445,86.512
939,24.0,56.738,81.636
940,24.0,64.182,69.829
941,24.0,24.654,81.122
942,24.0,15.157,81.122
943,24.0,18.751,70.599
944,24.0,8.74,66.492
945,24.0,16.44,56.482
946,24.0,3.35,47.498
947,24.0,10.024,8.74
948,24.0,21.831,23.884
949,24.0,38.001,30.814
950,24.0,55.198,36.974
951,24.0,73.935,42.621
952,24.0,90.362,48.781
953,24.0,109.356,38.771
954,24.0,117.57,20.804
955,24.0,94.983,20.291
956,24.0,87.282,13.104
957,24.0,96.523,3.863
958,25.0,118.34,179.685
959,25.0,104.993,177.631
960,25.0,90.362,174.808
961,25.0,79.582,171.471
962,25.0,67.005,156.841
963,25.0,56.482,146.317
964,25.0,53.915,130.917
965,25.0,58.792,129.89
966,25.0,53.658,121.677
967,25.0,51.861,115.26
968,25.0,64.182,115.773
969,25.0,63.925,119.88
970,25.0,82.406,129.633
971,25.0,90.362,146.831
972,25.0,106.02,144.007
973,25.0,121.677,135.537
974,25.0,113.463,132.457
975,25.0,122.703,118.853
976,25.0,116.03,104.223
977,25.0,121.933,99.346
978,25.0,108.586,99.603
979,25.0,102.939,96.266
980,25.0,91.389,103.196
981,25.0,94.726,127.067
982,25.0,94.213,82.662
983,25.0,119.88,84.459
984,25.0,87.282,66.748
985,25.0,94.726,45.701
986,25.0,93.186,36.461
987,25.0,81.636,44.418
988,25.0,71.882,38.514
989,25.0,76.245,34.921
990,25.0,100.116,27.734
991,25.0,96.266,21.061
992,25.0,98.576,5.403
993,25.0,49.038,38.771
994,25.0,39.541,26.194
995,25.0,22.344,13.617
996,25.0,11.82,6.43
997,25.0,24.397,84.459
998,25.0,12.847,81.892
999,25.0,22.601,99.346
1000,25.0,46.985,87.539
1001,25.0,54.941,74.705
1002,25.0,35.948,101.656
1003,25.0,45.701,107.303
1004,25.0,80.095,89.592
1005,26.0,94.726,161.204
1006,26.0,90.619,179.428
1007,26.0,118.597,178.401
1008,26.0,107.816,174.808
1009,26.0,75.219,168.905
1010,26.0,64.182,158.638
1011,26.0,53.401,137.847
1012,26.0,37.744,115.516
1013,26.0,23.114,101.913
1014,26.0,12.334,89.336
1015,26.0,25.681,81.122
1016,26.0,51.861,79.839
1017,26.0,42.364,97.806
1018,26.0,53.401,118.853
1019,26.0,63.925,115.003
1020,26.0,62.642,100.373
1021,26.0,79.839,129.633
1022,26.0,82.662,123.217
1023,26.0,92.672,128.607
1024,26.0,112.18,133.74
1025,26.0,121.677,139.13
1026,26.0,121.933,125.013
1027,26.0,115.516,107.56
1028,26.0,97.036,101.656
1029,26.0,109.87,95.239
1030,26.0,91.389,78.555
1031,26.0,14.13,6.687
1032,26.0,31.328,25.937
1033,26.0,107.046,34.408
1034,26.0,87.796,36.461
1035,26.0,108.073,11.05
1036,26.0,99.089,13.874
1037,26.0,75.475,36.974
1038,26.0,62.642,44.161
1039,26.0,109.613,119.11
1040,27.0,90.619,104.993
1041,27.0,111.666,94.213
1042,27.0,117.57,106.276
1043,27.0,100.116,118.083
1044,27.0,112.693,122.703
1045,27.0,113.206,130.917
1046,27.0,120.65,142.467
1047,27.0,104.993,131.43
1048,27.0,90.876,131.174
1049,27.0,84.202,131.174
1050,27.0,84.716,126.04
1051,27.0,67.518,128.607
1052,27.0,65.208,113.206
1053,27.0,46.728,110.64
1054,27.0,113.463,181.995
1055,27.0,111.666,160.178
1056,27.0,94.469,157.611
1057,27.0,96.266,177.888
1058,27.0,83.946,175.578
1059,27.0,71.882,166.594
1060,27.0,112.18,30.301
1061,27.0,46.215,96.009
1062,27.0,19.264,98.319
1063,28.0,109.1,123.987
1064,28.0,109.87,133.997
1065,28.0,121.163,146.061
1066,28.0,121.163,123.73
1067,28.0,121.677,99.859
1068,28.0,97.293,113.463
1069,28.0,91.132,109.613
1070,28.0,88.309,131.687
1071,28.0,107.56,156.328
1072,28.0,99.603,183.022
1073,28.0,93.699,179.685
1074,28.0,79.325,176.091
1075,28.0,67.775,157.354
1076,28.0,73.935,135.28
1077,28.0,78.299,153.504
1078,28.0,61.358,147.087
1079,28.0,65.208,129.633
1080,28.0,47.498,99.346
1081,28.0,48.525,135.537
1082,28.0,109.613,34.151
1083,28.0,109.613,23.884
1084,28.0,95.239,38.258
1085,28.0,65.978,45.958
1086,28.0,88.052,62.385
1087,28.0,74.705,64.695
1088,28.0,120.65,65.465
1089,29.0,96.266,182.765
1090,29.0,78.042,178.401
1091,29.0,123.473,151.964
1092,29.0,120.393,146.317
1093,29.0,112.18,142.467
1094,29.0,114.49,135.537
1095,29.0,123.217,124.243
1096,29.0,115.773,113.72
1097,29.0,109.613,122.96
1098,29.0,98.833,115.516
1099,29.0,97.549,134.254
1100,29.0,98.319,162.231
1101,29.0,79.839,156.071
1102,29.0,61.615,148.884
1103,29.0,75.732,135.537
1104,29.0,88.822,107.816
1105,29.0,51.091,102.426
1106,29.0,118.083,35.434
1107,29.0,113.206,31.328
1108,29.0,106.79,26.964
1109,29.0,109.1,40.311
1110,29.0,99.603,42.364
1111,29.0,92.929,40.824
1112,29.0,110.64,10.28
1113,30.0,97.036,190.465
1114,30.0,97.806,179.941
1115,30.0,79.582,178.145
1116,30.0,94.726,164.541
1117,30.0,105.763,154.017
1118,30.0,111.153,147.857
1119,30.0,92.929,143.237
1120,30.0,79.582,141.697
1121,30.0,115.516,139.9
1122,30.0,105.506,132.714
1123,30.0,107.046,126.553
1124,30.0,108.586,120.907
1125,30.0,114.233,116.543
1126,30.0,112.693,111.153
1127,30.0,94.469,116.543
1128,30.0,54.428,118.853
1129,30.0,62.385,149.141
1130,30.0,65.465,158.124
1131,30.0,70.085,166.338
1132,30.0,85.486,164.028
1133,30.0,55.711,161.461
1134,30.0,54.428,155.301
1135,30.0,47.755,149.911
1136,30.0,36.461,145.547
1137,30.0,40.568,137.59
1138,30.0,50.321,77.015
1139,30.0,81.379,39.798
1140,30.0,93.956,40.311
1141,30.0,109.356,34.151
1142,30.0,106.79,24.911
1143,30.0,97.549,14.9
1144,30.0,105.249,9.254
1145,30.0,88.052,16.44
1146,31.0,91.646,151.707
1147,31.0,72.395,167.878
1148,31.0,66.748,148.627
1149,31.0,79.839,138.36
1150,31.0,105.763,129.12
1151,31.0,116.286,87.539
1152,31.0,118.083,97.549
1153,31.0,118.853,119.623
1154,31.0,120.65,136.05
1155,31.0,108.073,143.751
1156,31.0,114.49,195.855
1157,31.0,92.416,189.952
1158,31.0,59.818,124.757
1159,31.0,37.488,141.954
1160,31.0,79.325,41.081
1161,31.0,107.816,37.231
1162,31.0,96.266,33.381
1163,31.0,118.083,25.424
1164,31.0,108.586,23.114
1165,31.0,95.496,20.291
1166,31.0,119.623,4.12
1167,31.0,112.436,3.35
1168,31.0,103.453,8.74
1169,31.0,60.332,99.346
1170,31.0,39.028,111.153
1171,32.0,106.533,194.572
1172,32.0,88.566,188.668
1173,32.0,80.352,178.915
1174,32.0,73.679,168.648
1175,32.0,92.159,157.611
1176,32.0,70.599,151.964
1177,32.0,79.839,154.274
1178,32.0,87.539,143.237
1179,32.0,111.153,131.43
1180,32.0,108.586,143.751
1181,32.0,122.96,118.34
1182,32.0,60.075,100.373
1183,32.0,61.872,65.978
1184,32.0,64.695,84.972
1185,32.0,56.738,27.221
1186,32.0,84.202,39.798
1187,32.0,104.479,41.081
1188,32.0,109.87,25.167
1189,32.0,98.319,22.857
1190,32.0,107.303,9.51
1191,32.0,117.313,5.917
1192,32.0,118.597,89.592
1193,32.0,114.233,77.272
1194,33.0,107.303,133.74
1195,33.0,110.896,143.494
1196,33.0,92.416,154.017
1197,33.0,75.732,152.221
1198,33.0,68.289,156.328
1199,33.0,69.315,167.878
1200,33.0,75.989,175.578
1201,33.0,84.716,182.508
1202,33.0,96.266,197.395
1203,33.0,113.463,195.342
1204,33.0,100.116,179.428
1205,33.0,63.925,103.966
1206,33.0,64.182,95.496
1207,33.0,62.385,85.742
1208,33.0,64.695,75.219
1209,33.0,105.249,42.878
1210,33.0,113.72,44.931
1211,33.0,109.87,70.599
1212,33.0,109.87,13.36
1213,33.0,106.533,26.707
1214,33.0,81.122,39.541
1215,33.0,72.909,37.488
1216,33.0,58.792,37.744
1217,33.0,66.235,58.535
1218,33.0,119.11,114.49
1219,33.0,120.65,125.527
1220,34.0,115.26,185.845
1221,34.0,112.693,189.695
1222,34.0,98.576,197.909
1223,34.0,91.646,195.599
1224,34.0,84.202,192.518
1225,34.0,81.892,187.642
1226,34.0,76.502,178.401
1227,34.0,83.946,179.941
1228,34.0,103.709,181.995
1229,34.0,85.486,166.594
1230,34.0,83.432,169.675
1231,34.0,74.449,164.028
1232,34.0,71.112,161.204
1233,34.0,67.262,154.787
1234,34.0,67.262,146.574
1235,34.0,78.299,150.167
1236,34.0,78.555,154.787
1237,34.0,115.003,147.601
1238,34.0,108.33,147.087
1239,34.0,105.506,144.007
1240,34.0,112.95,142.724
1241,34.0,106.79,138.874
1242,34.0,103.196,136.564
1243,34.0,111.41,135.537
1244,34.0,108.33,134.254
1245,34.0,110.896,130.917
1246,34.0,112.18,128.607
1247,34.0,114.49,125.783
1248,34.0,112.436,125.013
1249,34.0,110.383,124.243
1250,34.0,109.1,125.783
1251,34.0,107.56,128.607
1252,34.0,105.506,130.66
1253,34.0,103.709,131.43
1254,34.0,101.913,131.687
1255,34.0,99.859,131.944
1256,34.0,63.668,99.346
1257,34.0,68.032,101.399
1258,34.0,66.492,96.266
1259,34.0,64.695,122.96
1260,34.0,65.465,112.95
1261,34.0,63.668,109.1
1262,34.0,42.621,109.356
1263,34.0,46.728,98.063
1264,34.0,55.968,86.512
1265,34.0,62.898,77.785
1266,34.0,68.289,64.695
1267,34.0,63.668,90.619
1268,34.0,67.262,81.892
1269,34.0,79.839,70.599
1270,34.0,109.613,73.935
1271,34.0,110.383,77.015
1272,34.0,112.436,72.909
1273,34.0,108.33,72.395
1274,34.0,114.746,44.418
1275,34.0,113.206,45.188
1276,34.0,109.613,46.215
1277,34.0,106.79,46.215
1278,34.0,103.196,44.418
1279,34.0,104.993,43.648
1280,34.0,109.356,43.648
1281,34.0,111.923,43.134
1282,34.0,110.126,35.948
1283,34.0,108.073,19.264
1284,34.0,73.935,37.231
1285,34.0,66.235,39.798
1286,34.0,61.358,30.301
1287,34.0,60.075,37.231
1288,34.0,70.085,35.434
1289,34.0,99.603,188.668
1290,35.0,123.73,197.395
1291,35.0,120.137,200.732
1292,35.0,111.153,200.732
1293,35.0,114.233,185.332
1294,35.0,116.03,188.412
1295,35.0,101.399,182.252
1296,35.0,85.742,166.338
1297,35.0,85.229,175.835
1298,35.0,84.716,180.198
1299,35.0,89.592,196.369
1300,35.0,83.689,190.465
1301,35.0,79.839,186.102
1302,35.0,76.245,180.711
1303,35.0,73.679,174.551
1304,35.0,60.075,182.765
1305,35.0,63.925,188.668
1306,35.0,73.679,160.948
1307,35.0,74.192,163.771
1308,35.0,68.802,161.718
1309,35.0,66.235,154.787
1310,35.0,68.802,146.831
1311,35.0,68.289,151.194
1312,35.0,115.773,148.884
1313,35.0,113.72,148.371
1314,35.0,111.923,148.114
1315,35.0,110.383,148.114
1316,35.0,108.586,148.627
1317,35.0,107.303,148.371
1318,35.0,105.506,147.857
1319,35.0,102.683,145.547
1320,35.0,101.656,144.264
1321,35.0,100.116,142.98
1322,35.0,98.833,141.954
1323,35.0,97.806,140.67
1324,35.0,97.549,136.82
1325,35.0,97.549,133.484
1326,35.0,99.603,131.944
1327,35.0,101.913,129.12
1328,35.0,103.966,128.35
1329,35.0,105.763,127.323
1330,35.0,109.87,126.297
1331,35.0,112.693,127.837
1332,35.0,113.463,130.917
1333,35.0,115.003,134.51
1334,35.0,116.543,136.82
1335,35.0,117.056,138.617
1336,35.0,117.826,142.467
1337,35.0,118.083,143.494
1338,35.0,116.8,148.371
1339,35.0,115.516,145.034
1340,35.0,115.003,144.777
1341,35.0,113.976,144.521
1342,35.0,113.72,144.264
1343,35.0,113.206,144.264
1344,35.0,112.436,144.007
1345,35.0,110.126,143.494
1346,35.0,109.613,142.98
1347,35.0,108.586,142.467
1348,35.0,107.816,142.21
1349,35.0,106.79,140.927
1350,35.0,106.276,139.644
1351,35.0,106.02,138.874
1352,35.0,106.533,138.104
1353,35.0,107.046,137.334
1354,35.0,107.816,136.82
1355,35.0,108.33,136.564
1356,35.0,109.1,136.05
1357,35.0,110.126,136.05
1358,35.0,112.18,136.82
1359,35.0,113.206,137.59
1360,35.0,113.976,139.13
1361,35.0,114.746,141.44
1362,35.0,112.693,132.714
1363,35.0,111.153,132.457
1364,35.0,110.383,132.714
1365,35.0,109.356,132.97
1366,35.0,106.79,133.74
1367,35.0,104.223,138.104
1368,35.0,104.993,140.67
1369,35.0,107.046,46.728
1370,35.0,114.233,42.621
1371,35.0,109.87,42.878
1372,35.0,107.046,34.664
1373,35.0,111.666,73.422
1374,35.0,100.886,71.369
1375,35.0,78.812,34.151
1376,35.0,60.332,42.108
1377,35.0,68.545,65.208
1378,35.0,68.545,88.566
1379,35.0,68.032,101.399
1380,35.0,66.235,122.19
1381,35.0,66.748,94.983
1382,35.0,35.178,107.046
1383,35.0,106.276,19.007
1384,36.0,121.933,197.909
1385,36.0,115.003,201.502
1386,36.0,107.046,200.989
1387,36.0,114.233,184.818
1388,36.0,89.079,166.338
1389,36.0,83.946,170.188
1390,36.0,87.796,178.915
1391,36.0,89.592,195.855
1392,36.0,85.229,189.182
1393,36.0,79.069,183.535
1394,36.0,74.705,178.145
1395,36.0,78.299,173.268
1396,36.0,64.438,188.668
1397,36.0,63.412,182.508
1398,36.0,61.872,189.695
1399,36.0,72.909,172.241
1400,36.0,72.909,164.284
1401,36.0,54.428,163.001
1402,36.0,51.091,164.798
1403,36.0,68.032,155.557
1404,36.0,64.695,149.911
1405,36.0,70.599,151.964
1406,36.0,105.506,148.627
1407,36.0,113.206,148.627
1408,36.0,115.26,144.264
1409,36.0,116.543,135.024
1410,36.0,112.95,131.944
1411,36.0,108.073,128.863
1412,36.0,105.249,128.607
1413,36.0,98.833,131.174
1414,36.0,97.806,135.024
1415,36.0,97.036,139.387
1416,36.0,103.453,145.034
1417,36.0,112.436,140.157
1418,36.0,106.02,142.21
1419,36.0,110.126,137.847
1420,36.0,107.046,137.847
1421,36.0,68.802,138.874
1422,36.0,65.978,130.66
1423,36.0,65.465,125.527
1424,36.0,67.262,119.88
1425,36.0,65.722,116.286
1426,36.0,65.978,111.41
1427,36.0,65.978,104.736
1428,36.0,68.289,97.293
1429,36.0,71.112,90.106
1430,36.0,101.143,70.599
1431,36.0,109.356,73.422
1432,36.0,66.748,36.718
1433,36.0,78.299,33.894
1434,36.0,68.032,27.991
1435,36.0,107.816,43.391
1436,36.0,103.453,38.001
1437,36.0,113.206,43.648
1438,36.0,108.33,15.414
1439,36.0,105.249,14.13
1440,36.0,50.065,77.272
1441,37.0,115.003,205.352
1442,37.0,106.02,201.245
1443,37.0,111.923,184.305
1444,37.0,90.362,199.705
1445,37.0,87.539,193.288
1446,37.0,81.122,189.952
1447,37.0,65.465,188.155
1448,37.0,62.642,184.818
1449,37.0,67.262,183.792
1450,37.0,85.229,189.438
1451,37.0,81.892,183.535
1452,37.0,80.352,181.225
1453,37.0,79.582,177.631
1454,37.0,78.299,176.348
1455,37.0,76.759,172.498
1456,37.0,73.679,166.081
1457,37.0,76.759,160.948
1458,37.0,69.572,158.124
1459,37.0,67.518,153.761
1460,37.0,67.775,149.397
1461,37.0,86.769,168.905
1462,37.0,90.619,160.691
1463,37.0,98.319,172.498
1464,37.0,106.276,168.391
1465,37.0,112.693,165.311
1466,37.0,104.223,161.204
1467,37.0,99.859,155.044
1468,37.0,107.56,150.167
1469,37.0,112.18,144.521
1470,37.0,115.003,140.414
1471,37.0,118.853,133.997
1472,37.0,107.56,135.794
1473,37.0,100.629,142.467
1474,37.0,97.549,138.617
1475,37.0,51.861,167.878
1476,37.0,67.005,96.523
1477,37.0,70.342,90.106
1478,37.0,110.126,46.728
1479,37.0,111.666,39.028
1480,37.0,106.276,42.364
1481,37.0,78.299,33.381
1482,37.0,76.245,38.258
1483,37.0,68.802,39.284
1484,37.0,109.87,15.157
1485,38.0,113.976,186.615
1486,38.0,112.693,165.311
1487,38.0,110.126,158.638
1488,38.0,98.833,156.841
1489,38.0,116.286,205.352
1490,38.0,109.356,204.069
1491,38.0,90.362,197.909
1492,38.0,87.282,193.802
1493,38.0,76.245,175.578
1494,38.0,79.325,170.445
1495,38.0,77.015,160.691
1496,38.0,59.048,179.428
1497,38.0,56.738,181.482
1498,38.0,51.605,174.295
1499,38.0,68.289,155.044
1500,38.0,115.516,139.9
1501,38.0,100.629,147.087
1502,38.0,110.383,185.332
1503,38.0,68.032,90.876
1504,38.0,59.562,106.02
1505,38.0,47.755,122.19
1506,38.0,40.054,131.174
1507,38.0,33.894,136.82
1508,38.0,55.711,115.516
1509,38.0,107.303,39.028
1510,38.0,108.843,34.151
1511,38.0,78.812,34.921
1512,38.0,75.989,41.594
1513,38.0,73.679,50.321
1514,38.0,72.395,60.588
1515,38.0,73.679,75.989
1516,38.0,70.599,69.829
1517,38.0,71.625,81.892
1518,38.0,92.416,166.338
1519,38.0,64.182,206.379
1520,38.0,64.695,193.802
1521,38.0,62.898,198.679
1522,38.0,110.126,171.471
1523,38.0,119.367,174.038
1524,39.0,118.597,207.919
1525,39.0,109.613,203.299
1526,39.0,111.923,185.845
1527,39.0,112.95,173.011
1528,39.0,112.436,167.621
1529,39.0,92.929,195.855
1530,39.0,85.999,187.898
1531,39.0,88.566,163.514
1532,39.0,79.325,169.418
1533,39.0,55.711,181.482
1534,39.0,117.056,143.494
1535,39.0,117.826,139.13
1536,39.0,109.613,143.751
1537,39.0,94.213,145.547
1538,39.0,57.508,102.939
1539,39.0,55.198,114.233
1540,39.0,45.445,126.553
1541,39.0,112.18,34.408
1542,39.0,109.356,38.001
1543,39.0,114.49,12.334
1544,40.0,101.143,200.989
1545,40.0,103.196,198.422
1546,40.0,114.233,171.985
1547,40.0,113.463,164.541
1548,40.0,101.656,147.857
1549,40.0,108.586,144.777
1550,40.0,119.88,136.82
1551,40.0,104.993,155.044
1552,40.0,89.592,165.568
1553,40.0,85.742,185.845
1554,40.0,51.091,175.578
1555,40.0,45.188,182.508
1556,40.0,57.765,185.332
1557,40.0,58.535,205.095
1558,40.0,53.145,123.217
1559,40.0,57.508,116.286
1560,40.0,61.358,106.276
1561,40.0,62.898,100.629
1562,40.0,106.276,34.408
1563,40.0,113.463,34.408
1564,41.0,104.736,197.395
1565,41.0,102.426,200.475
1566,41.0,113.72,147.857
1567,41.0,108.33,135.28
1568,41.0,101.143,126.81
1569,41.0,101.399,143.494
1570,41.0,103.709,156.584
1571,41.0,113.72,137.847
1572,41.0,107.303,147.087
1573,41.0,107.046,77.785
1574,41.0,88.309,77.015
1575,41.0,71.882,70.085
1576,41.0,73.935,48.268
1577,41.0,97.806,31.841
1578,41.0,115.516,31.841
1579,41.0,105.506,43.134
1580,41.0,92.416,36.718
1581,41.0,83.176,30.044
1582,41.0,109.87,11.82
1583,41.0,108.843,20.804
1584,41.0,107.303,33.638
1585,41.0,55.198,119.367
1586,41.0,49.295,131.43
1587,41.0,43.391,144.777
1588,41.0,50.321,170.445
1589,41.0,68.289,176.605
1590,41.0,84.459,163.258
1591,41.0,96.009,149.141
1592,41.0,77.015,82.406
1593,41.0,61.358,105.506
1594,41.0,101.399,66.235
1595,41.0,74.962,55.198
1596,41.0,54.941,59.562
1597,41.0,75.219,38.258
1598,41.0,64.438,98.063
1599,41.0,120.65,70.342
1600,41.0,114.233,171.728
1601,41.0,74.192,157.868
1602,41.0,80.866,149.654
1603,41.0,68.032,147.857
1604,41.0,64.952,159.664
1605,8.0,122.82024549675184,25.520281664743653
1606,9.0,120.20021867371952,13.0751542553401
1607,9.0,123.47525220250994,27.485301782017896
1608,12.0,73.69474256489572,56.74226797254559
1609,12.0,78.49812507378832,52.157221032239
1610,12.0,87.01321224864338,73.99077789084174
1611,12.0,97.71165510935872,50.41053648355078
1612,13.0,87.23154781722941,80.54084494842255
1613,13.0,93.99995044339626,89.92927439762171
1614,13.0,79.37146734813243,63.72900616729846
1615,13.0,68.23635335024504,55.86892569820148
1616,13.0,75.22309154499791,55.43225456102942
1617,13.0,81.77315860257873,50.84720762072285
1618,13.0,87.66821895440147,40.58543589717956
1619,13.0,110.59345365593433,13.511825392512163
1620,13.0,98.14832624653076,25.08361052757161
1621,14.0,85.92153440571325,88.61926098610556
1622,14.0,73.91307813348175,60.23563706992202
1623,14.0,68.89136005600312,72.8991000479116
1624,14.0,108.62843353866008,84.68922075155703
1625,14.0,66.48966880155682,59.58063036416394
1626,14.0,108.19176240148802,29.45032189929216
1627,15.0,34.83101135658288,58.707288089819855
1628,15.0,111.90346706745048,13.51182539251216
1629,16.0,38.97938715971739,60.45397263850807
1630,16.0,25.22424633879768,40.36710032859358
1631,16.0,87.01321224864338,58.70728808981981
1632,16.0,84.61152099419708,83.59754290862693
1633,16.0,75.22309154499791,84.47088518297105
1634,16.0,102.29670204966529,74.42744902801378
1635,16.0,101.64169534390722,71.80742220498145
1636,16.0,120.20021867371952,72.89910004791156
1637,16.0,111.2484603616924,67.44071083326088
1638,17.0,93.12660816905216,72.2440933421535
1639,17.0,93.78161487481024,79.23083153690636
1640,17.0,99.45833965804694,74.86412016518584
1641,17.0,94.21828601198229,58.707288089819805
1642,17.0,107.1000845585579,67.4407108332609
1643,17.0,96.18330612925652,68.09571753901899
1644,17.0,107.31842012714392,29.23198633070613
1645,17.0,68.23635335024504,0.8483624145226168
1646,17.0,44.874447511540126,73.33577118508367
1647,17.0,46.839467628814376,55.432254561029445
1648,17.0,76.96977609368614,103.90275078712747
1649,17.0,14.307467909496314,28.35864405636209
1650,17.0,66.92633993872887,37.31040236838916
1651,17.0,70.63804460469134,76.17413357670199
1652,17.0,71.51138687903546,72.02575777356748
1653,17.0,76.53310495651408,56.0872612667875
1654,18.0,93.40402808140644,63.64215277045859
1655,18.0,99.88591611822906,17.40468477445726
1656,18.0,117.38701381765011,15.676181297971228
1657,18.0,73.31017516725635,77.47018058234683
1658,18.0,88.00245471738761,75.95774004042156
1659,18.0,36.36341335736744,55.21569832258919
1660,18.0,71.79773462533106,62.34577516309407
1661,18.0,62.29096550465789,61.2654604902903
1662,18.0,99.66985318366832,59.53695701380426
1663,18.0,59.26608442080735,50.0301878931311
1664,19.0,40.03648324490026,70.34010374184196
1665,19.0,11.948301752002251,49.38199908944883
1666,19.0,14.108931097609789,14.595866625167458
1667,19.0,79.1438744003967,69.90797787272045
1668,19.0,86.92214004458384,66.23490798518763
1669,19.0,79.5760002695182,35.12184540843908
1670,20.0,15.837434574095823,53.05506897698165
1671,20.0,7.843105995347928,6.81760098098032
1672,20.0,77.1993079893499,58.888768210122
1673,20.0,64.01946898114393,45.49286626735527
1674,20.0,114.79425860292108,75.09348830217854
1675,21.0,121.49220967089212,94.53915241264636
1676,21.0,73.74230113296551,134.94292076340002
1677,21.0,67.6925390747304,51.32656508838825
1678,21.0,73.95836417699226,48.30168400453769
1679,21.0,108.74449664127364,29.28814576319133
1680,21.0,102.26260860445102,37.714600211060734
1681,21.0,99.45379024910756,19.349250773396697
1682,22.0,65.74797245762996,93.24277439317444
1683,22.0,72.66198636357409,92.37852265493142
1684,22.0,53.864511056788494,105.34229872857668
1685,22.0,63.58734311202242,137.75173891268977
1686,22.0,48.2468747582089,106.20655046681968
1687,22.0,97.94134981020912,8.546104457466349
1688,22.0,53.21632204705256,83.08781646881909
1689,23.0,53.21632204705256,95.83552960790354
1690,23.0,54.08057378529557,91.08214504756695
1691,23.0,56.02514019634236,135.37504663252147
1692,23.0,90.16308385694148,61.26546028423662
1693,23.0,94.2682796135958,15.892244026478313
1694,23.0,65.53190931701553,72.5007328813958
1695,23.0,55.59301432722086,78.33443211453617
1696,23.0,58.40183247651065,83.73600547855501
1697,23.0,99.02166448301288,36.63428553825701
1698,23.0,82.60088114731508,90.86608211300624
1699,23.0,54.9448258326191,124.13977403536232
1700,24.0,53.00025931854548,96.05159254246436
1701,24.0,67.04435006499449,107.93505394330585
1702,24.0,61.64277670097564,119.3863894750258
1703,24.0,48.03081182364814,112.47237556908166
1704,24.0,51.91994464574172,115.71331958749296
1705,24.0,54.51269986047076,117.87394893310052
1706,24.0,122.788587181669,98.42828482263272
1707,24.0,120.8440207706222,107.71899100874516
1708,24.0,82.38481841880802,132.5662284832318
1709,24.0,66.39616126131223,72.28466974078147
1710,24.0,92.21981537735653,35.95454758559534
1711,24.0,97.29288815662689,42.71864462462246
1712,24.0,72.65224894302806,152.1520717203113
1713,25.0,88.59619196359199,59.870462577208805
1714,25.0,57.67460549946799,86.2021260505644
1715,25.0,50.18578377768795,88.85944988732506
1716,25.0,43.42168673866083,95.6235469263522
1717,25.0,46.32058546967245,102.38764396537933
1718,25.0,96.80973836812493,165.6802648768305
1719,25.0,96.32658881000675,165.43868998257938
1720,27.0,46.80373525817439,86.20212651133193
1721,27.0,46.80373525817439,101.179769954892
1722,27.0,53.56783229720151,118.33158744671076
1723,27.0,87.62989238658812,58.662588566721496
1724,27.0,101.39966112850956,101.17976811182191
1725,27.0,99.46706243526936,183.31523215715123
1726,27.0,120.48407823510364,147.80372454532912
1727,27.0,115.89415524433524,136.20812962128258
1728,27.0,72.89382406766279,72.67393243327768
1729,28.0,115.41100545583328,136.9328524609653
1730,28.0,109.1300582053081,144.6632490769963
1731,28.0,50.18578400807172,102.14606768882577
1732,28.0,68.54547597114535,115.91583666113098
1733,28.0,108.64690841680616,27.98257647848498
1734,28.0,117.585179504092,33.05564925775532
1735,28.0,108.16375862830422,95.86512228137076
1736,29.0,114.92785566733136,117.6068609208877
1737,29.0,99.46706220488558,35.22982290284244
1738,29.0,105.7480094554108,134.51710351845523
1739,29.0,107.68060860941854,159.15774273205403
1740,29.0,114.68628054269664,152.87679548152883
1741,29.0,117.10202948520632,164.7139652998263
1742,29.0,123.14140184148054,100.45504342906855
1743,30.0,76.27587235679259,140.79805076898035
1744,30.0,89.5624913102121,151.18577122177228
1745,31.0,58.64090507647186,134.5171035184555
1746,31.0,57.67460549946799,144.90482397124717
1747,31.0,76.51744702065977,50.20746726793759
1748,31.0,109.13005774454057,156.25884400104252
1749,31.0,114.44470541806189,154.56781974128577
1750,31.0,111.54580668705026,145.87112354825086
1751,31.0,99.7086368687528,133.79237883570246
1752,31.0,95.60186389687009,178.96688406063373
1753,31.0,108.40533329217143,166.8881393480853
1754,31.0,104.056985195654,179.45003384913574
1755,32.0,123.14140184148052,122.19678575472642
1756,32.0,61.05665401898155,114.70796357217873
1757,32.0,72.41067427916086,172.92751170435957
1758,32.0,75.30957301017249,178.0005844836299
1759,33.0,75.79272233790687,167.6128640308383
1760,33.0,120.24250288008514,185.0062564169081
1761,33.0,70.23649977013459,171.96121212735568
1762,33.0,76.51744702065979,111.80906345886449
1763,33.0,61.78137847135069,115.43268687262902
1764,33.0,67.09602614487201,150.70262143327045
1765,33.0,82.55681937693402,170.9949125503518
1766,33.0,111.54580668705024,199.7423249662171
1767,33.0,85.6972930021966,186.9388555709157
1768,34.0,111.30423202318306,200.22547475471904
1769,34.0,117.58517927370823,168.57916360784213
1770,34.0,62.26452849023639,184.76468152265704
1771,34.0,50.6689335661899,165.9218397710815
1772,34.0,92.4613902716075,181.62420789739411
1773,35.0,85.48246875811982,163.37724761629792
1774,35.0,58.29742894969772,164.45388281557177
1775,36.0,116.43572971048144,153.9566896226525
1776,36.0,118.31984130921056,164.18472401575335
1777,37.0,121.2130593150646,198.7781283574995
1778,37.0,91.12729576548436,177.63678099833513
1779,37.0,123.38140263395331,173.30009436055738
1780,37.0,107.11882877623492,49.7045272517969
1781,37.0,114.70803039234528,152.42978991625424
1782,38.0,101.46266450562314,192.6522903515004
1783,38.0,103.4638582642978,203.40870680437672
1784,38.0,121.47460209236984,141.37170028546228
1785,38.0,122.47519897170716,129.36453773341427
1786,38.0,99.21132140783368,181.14542623912104
1787,39.0,100.31541405129138,166.9012376236195
1788,39.0,122.6555923827035,141.33115164086732
1789,39.0,71.5154204171993,118.45264954926228
1790,39.0,119.25391136619336,186.9647103569656
1791,39.0,122.52290785322508,179.95971788475472
1792,39.0,58.96774022162217,177.78976637504718
1793,40.0,118.7751162776014,125.74342184187854
1794,40.0,118.47417612662848,170.8844444878132
1795,40.0,117.87229582468272,6.872060485590646
1796,40.0,98.94377324813202,134.96037870253093
1797,40.0,89.85947951542545,194.9645294106717
1798,13.0,110.81178922452035,81.19585165418061
1799,14.0,99.895010795219,83.59754290862692
1800,15.0,66.48966880155682,78.79416039973434
1801,15.0,118.45353412503133,75.7374624395299
1802,15.0,100.55001750097708,85.1258918887291
1803,16.0,70.41970903610532,75.73746243952995
1804,16.0,63.8696419785245,75.51912687094394
1805,16.0,85.70319883712722,73.7724423222557
1806,16.0,95.0916282863264,67.22237526467488
1807,17.0,105.79007114704171,74.6457845965998
1808,17.0,114.30515832189678,17.660201195646682
1809,17.0,88.7598967973316,63.51067059871242
1810,17.0,79.58980291671845,71.58908663639542
1811,17.0,83.73817871985298,77.92081812539021
1812,17.0,14.74413904666837,17.878536764232784
1813,18.0,100.31804209037742,74.0131734233211
1814,18.0,98.37347567933064,67.96341125561999
1815,18.0,82.6008814563956,63.85821549896568
1816,18.0,10.003735340955467,43.54829985630848
1817,19.0,71.58167169077032,121.5470192327406
1818,19.0,72.87804929813485,127.16465553132022
1819,19.0,103.34292307120114,128.89315900780625
1820,19.0,110.9051257808275,21.725943465672337
1821,19.0,59.050021486246585,14.163740756045952
1822,19.0,40.68467204858252,75.09348830217854
1823,19.0,72.01379755989181,83.95206861916945
1824,19.0,77.84749679303218,84.38419448829096
1825,20.0,73.0941122326956,80.27899873163663
1826,20.0,60.56246202817187,96.48371882369317
1827,20.0,107.6641817624162,109.4474948973384
1828,21.0,66.82828713043372,82.87175394636567
1829,21.0,84.7615106989763,85.89663503021623
1830,21.0,54.72876279503152,95.8355300200109
1831,22.0,113.2818180609958,136.67142423988602
1832,22.0,121.49220957430444,82.00750179601528
1833,23.0,122.35646131254748,67.31522224588406
1834,23.0,122.78858718166896,99.72466242999715
1835,23.0,108.31237056609848,159.57409530332612
1836,23.0,52.352070514863215,101.02104003736174
1837,23.0,83.46513309161178,95.18734080422144
1838,23.0,71.1495458216488,82.6556905996977
1839,24.0,108.96055936978074,152.66008139738193
1840,25.0,91.7366655888546,95.6235469263522
1841,26.0,90.77036624223446,103.35394216008056
1842,26.0,101.88281137777902,119.78103496914642
1843,26.0,106.47273436854744,132.10135457594583
1844,26.0,120.96722802360556,142.4890750287375
1845,26.0,107.92218373405323,156.50041889529368
1846,26.0,60.81507935511434,152.39364569302722
1847,26.0,47.04531038280913,110.35961409335866
1848,26.0,12.98325029342253,94.65724596704568
1849,26.0,46.56216059430719,89.58417318777532
1850,27.0,123.62455162998248,136.44970451553343
1851,28.0,109.854782888061,120.02260986339748
1852,28.0,123.8661267546172,137.89915203796917
1853,28.0,122.65825228336236,151.18577122177246
1854,28.0,88.83776708822673,172.68593681010864
1855,28.0,67.33760149989051,151.4273461160234
1856,28.0,75.79272279867442,143.21379971149045
1857,29.0,111.78738204206876,127.26985669092647
1858,29.0,117.10202971559008,144.42167418274525
1859,29.0,107.6806088398023,154.56781974128594
1860,29.0,76.03429769292539,143.2137997114904
1861,29.0,97.77603817551258,178.24215937788085
1862,29.0,93.42769007899514,185.97255599391187
1863,30.0,95.11871387798438,185.7309810996609
1864,30.0,91.97824025272178,191.04562877318224
1865,30.0,114.9278552065638,153.843095058533
1866,30.0,105.02328454227408,146.11269844250202
1867,30.0,114.44470541806189,136.69127756671415
1868,30.0,103.33226028251732,179.93318363763754
1869,30.0,97.2928879262431,144.18009928849418
1870,31.0,90.52879134798351,142.73064992298848
1871,31.0,89.0793419824777,163.74766572282277
1872,31.0,67.33760149989051,164.71396529982664
1873,31.0,109.61320799381004,122.92150859440903
1874,32.0,89.32091687672866,166.16341466533245
1875,32.0,95.84343902150482,181.86578279164544
1876,32.0,68.30390107689438,167.37128913658728
1877,33.0,95.84343902150482,182.10735768589635
1878,33.0,92.2198156077403,193.9445275041938
1879,33.0,89.32091687672867,143.69694949999231
1880,34.0,116.6188794663206,193.94452750419384
1881,35.0,107.01517274359529,202.9435911896092
1882,35.0,117.24320713669611,169.02958241248533
1883,35.0,117.781524736333,160.95481841793202
1884,36.0,123.9721771321572,194.59966839523744
1885,40.0,119.67793673052007,186.83427248937667
1886,10.0,83.80126928826043,53.188895394724014
1887,13.0,99.91167680977746,40.62277814250403
1888,13.0,93.46751380117064,83.47646214973928
1889,13.0,99.58946865934712,83.15425399930893
1890,13.0,78.645938881375,73.16580133596838
1891,13.0,122.78845549033164,66.7216383273616
1892,13.0,123.11066364076196,55.44435306229968
1893,13.0,99.58946865934712,88.95400070705506
1894,13.0,98.30063605762577,49.00019005369288
1895,14.0,95.4007627037527,91.20945776006742
1896,14.0,91.85647304901896,89.92062515834607
1897,14.0,73.49060847448956,44.16706779723776
1898,14.0,71.55735957190751,64.14397312391885
1899,14.0,65.43540471373105,68.01047092908293
1900,14.0,113.12221097742142,92.4982903617888
1901,14.0,92.1786811994493,26.767827673999378
1902,14.0,90.24543229686724,58.9886427170334
1903,14.0,93.789721951601,51.25564710670524
1904,14.0,116.02208433129448,112.79740383890022
1905,14.0,124.39949624248332,115.37506904234294
1906,14.0,103.13375831408086,88.95400070705504
1907,15.0,109.25571317225732,84.76529475146062
1908,15.0,97.65621975676508,79.28775619414483
1909,15.0,87.98997524385487,89.59841700791573
1910,15.0,83.80126928826043,79.28775619414488
1911,15.0,111.18896207483937,44.16706779723781
1912,15.0,74.13502477535023,58.988642717033386
1913,15.0,87.34555894299419,40.94498629293432
1914,15.0,34.82563042284873,30.634325479163454
1915,15.0,26.77042666209022,15.168334258507132
1916,15.0,122.46624733990129,67.0438458632286
1917,15.0,83.80126928826046,71.23255181882307
1918,15.0,118.5997495347372,115.05286027734932
1919,15.0,109.25571317225732,57.69980980803041
1920,16.0,110.22233762354834,82.83204554159694
1921,16.0,109.900129473118,74.77684178083844
1922,16.0,81.8680203856784,68.33267877223163
1923,16.0,99.58946865934712,14.52391765036481
1924,16.0,78.645938881375,83.79866999288797
1925,16.0,93.789721951601,79.28775588686321
1926,16.0,67.36865361631308,36.43407187962794
1927,16.0,83.80126928826044,38.68952893264033
1928,16.0,119.88858213645857,16.457166552946855
1929,16.0,115.05545988000344,6.468713889606264
1930,16.0,89.27880784557622,62.21072391405515
1931,16.0,96.04517900461336,42.87823488823473
1932,16.0,95.07855455332236,50.28902234813256
1933,17.0,110.22233762354834,110.86415462903656
1934,17.0,77.0348981292233,75.74346623212949
1935,17.0,87.66776709342453,76.7100906834205
1936,17.0,110.22233762354836,75.0990496239871
1937,17.0,121.49962288861028,71.23255181882305
1938,17.0,65.43540471373106,49.00018943912958
1939,17.0,8.404562010740415,9.36858693619773
1940,17.0,118.92195758914202,2.602215777160585
1941,17.0,106.6780478727891,16.779374396095555
1942,17.0,121.82183094301509,17.745998847386577
1943,17.0,101.84492561633398,57.37760135031842
1944,17.0,97.01180335987888,48.355773138268894
1945,17.0,97.01180335987888,43.200442731383454
1946,17.0,99.26726041289126,32.56757376718224
1947,17.0,73.49060837846405,81.86542078302428
1948,18.0,67.69086168992303,90.5650408446435
1949,18.0,109.57792124586724,68.33267907951327
1950,18.0,85.0901018131614,84.76529475146064
1951,18.0,42.55862595635648,85.40971105232133
1952,18.0,49.64720526582397,97.9758289191046
1953,18.0,59.95786607959486,92.17608221135846
1954,18.0,18.393014674080963,52.5444797084266
1955,18.0,11.948851665474155,1.9578000908631807
1956,18.0,115.69987610404372,21.612497267113937
1957,18.0,119.5663738900027,8.079754949039646
1958,18.0,109.57792122666216,37.40069663820061
1959,18.0,86.37893441488275,47.38914930154117
1960,18.0,49.00278896496328,70.58813613252566
1961,18.0,27.41484288613049,51.90006340756592
1962,18.0,113.12221087659462,74.77684208812009
1963,18.0,78.6459387805482,71.55476058381669
1964,18.0,48.68058077612274,64.14397312391885
1965,18.0,40.94758516579457,55.12214491186931
1966,18.0,32.89238140503607,60.5996834691851
1967,19.0,59.95786604118465,101.84232672426864
1968,19.0,100.23388488338738,67.68826277865259
1969,19.0,107.00025604242452,68.97709538037395
1970,19.0,70.26852689336573,62.85514052219749
1971,19.0,52.22487046926668,54.47772861100864
1972,19.0,17.748598373220283,62.532932371767146
1973,19.0,108.28908860573569,38.04511293906128
1974,20.0,102.81155006282373,36.43407218690959
1975,20.0,110.22233752272156,15.812750559367808
1976,20.0,80.90139583836186,54.79993614687571
1977,20.0,60.924490511680766,77.67671482742986
1978,20.0,13.237684247990416,70.58813551796237
1979,21.0,91.53426479776182,23.86795370556304
1980,21.0,91.21205664733148,28.05665966115746
1981,21.0,110.8667538091784,13.235084741361815
1982,21.0,40.62537701536424,89.27620824292212
1983,21.0,59.95786607959485,55.76656059816672
1984,21.0,97.65621967994466,150.1735486742564
1985,21.0,76.39048171313199,143.72938566564963
1986,21.0,64.4687801472094,106.67544836616052
1987,22.0,113.1222109774214,147.91809192852568
1988,22.0,120.53299843731924,89.92062485106443
1989,22.0,10.015602839712525,10.335211387488757
1990,22.0,92.50088927305922,2.280007934011948
1991,22.0,100.87830118424806,1.3133834827209334
1992,22.0,36.75887924861036,88.30958409891272
1993,22.0,69.30190244207472,76.06567438255983
1994,22.0,81.868020308858,40.622777527940734
1995,22.0,111.18896199801895,9.690795086628071
1996,22.0,66.07982101459174,106.99765651659082
1997,22.0,57.702409103402886,109.89752987046388
1998,22.0,51.90266239565676,24.19016185599338
1999,22.0,108.61129687139666,37.40069602363733
2000,23.0,98.94505235848644,160.48420948802726
2001,23.0,84.76789364352595,51.2556467994236
2002,23.0,15.815349446631862,80.57658848858456
2003,23.0,18.715222800504925,54.477728303727005
2004,23.0,6.149104933721655,35.14523927790659
2005,23.0,46.42512372311036,60.27747501147313
2006,23.0,78.32373061571404,35.467447428336925
2007,23.0,84.76789362432083,27.412243667578423
2008,23.0,13.88210054404982,64.14397250935556
2009,23.0,98.62284410722933,88.63179194206144
2010,23.0,95.72297075335624,50.28902204085095
2011,24.0,119.24416573477107,135.6741819048911
2012,24.0,83.47906103700332,96.68699570281991
2013,24.0,118.27754128348006,82.83204584887858
2014,24.0,60.28007420601882,128.58560320998689
2015,24.0,80.90139593438738,90.88724960963712
2016,24.0,44.81408308618928,107.31986528158444
2017,24.0,12.271059739084087,63.49955682305817
2018,24.0,44.81408293254845,82.18762954801791
2019,24.0,83.47906098418927,48.67798190326253
2020,24.0,122.46624733990129,15.168334258507132
2021,24.0,123.11066364076196,77.35450729156281
2022,24.0,117.95533323387652,49.3223982041232
2023,24.0,50.6138297939354,23.22353801926564
2024,24.0,11.304435441433888,45.45590039895912
2025,24.0,46.10291568791064,60.27747531875477
2026,24.0,39.01433637844315,86.69854365404268
2027,24.0,32.89238152026669,86.37633550361234
2028,24.0,35.47004672370941,97.65362076867424
2029,24.0,11.626643591864228,89.92062515834608
2030,24.0,103.13375831408086,36.11186403647925
2031,24.0,15.815349547458652,11.946252754203732
2032,25.0,55.446951743108855,82.18762954801792
2033,25.0,33.21458936341538,94.43153926437084
2034,25.0,13.55989218716462,96.68699631738323
2035,25.0,60.602282149994295,76.71009099070213
2036,25.0,44.16966647804695,34.1786151338972
2037,25.0,72.84619186634723,163.0618753060333
2038,25.0,85.09010158270016,122.78585650224076
2039,25.0,56.41357619439988,137.28522327160607
2040,25.0,39.65875237202219,88.30958440619436
2041,25.0,42.23641757546491,76.71009099070211
2042,26.0,76.71268967151133,126.00793800654418
2043,26.0,54.48032729181784,75.74346653941113
2044,26.0,32.89238121298504,95.07595556523154
2045,26.0,37.72550346944014,101.52011857383836
2046,26.0,84.12347743869078,151.4623815832594
2047,26.0,94.43413825246166,138.5740555660458
2048,26.0,115.05545988000344,90.88724930235546
2049,26.0,97.01180345590438,91.53166560321614
2050,26.0,39.33654452887349,91.2094574527858
2051,26.0,94.75634640289202,36.756280030058285
2052,26.0,116.98870878258548,144.05159412336158
2053,27.0,38.69212822801281,100.23128566483533
2054,27.0,123.43287179119233,125.36352139840184
2055,27.0,66.07982101459174,158.87316904315722
2056,27.0,60.92449060770629,151.78458973368973
2057,27.0,62.21332320942765,101.19791011612634
2058,27.0,92.50088934987964,36.75628003005829
2059,27.0,102.81155016365054,33.53419852575489
2060,27.0,35.47004672370941,106.0310320652998
2061,27.0,46.10291568791064,130.1966433475753
2062,27.0,109.25571317225732,167.89499725520682
2063,28.0,89.92322414643692,180.78332327242035
2064,28.0,112.80000275017063,129.87443519714498
2065,28.0,105.38921529027284,133.41872485187872
2066,28.0,116.3442924049044,162.095250240179
2067,28.0,98.94505228166602,163.38408284190035
2068,28.0,107.32246419285488,166.9283724966341
2069,28.0,36.75887924861036,105.70882391486946
2070,28.0,42.23641780592614,117.63052548079204
2071,28.0,95.07855447650196,104.4199913131481
2072,28.0,109.34201372060686,39.979846974228224
2073,28.0,112.08669393643213,15.963895085757295
2074,28.0,40.72500832497564,142.2191850137187
2075,28.0,42.09734843288827,131.926634204374
2076,28.0,90.12925220983011,149.76705560723815
2077,28.0,115.51754420621369,97.27504647958024
2078,29.0,104.0422844776276,188.3772037582902
2079,29.0,50.42086955722927,96.54651712814696
2080,29.0,122.66529085716712,127.69188986634238
2081,29.0,110.46401081539985,136.0401341054463
2082,29.0,90.87774548519444,121.27016352857014
2083,29.0,118.17008242072654,109.38996980369149
2084,29.0,117.84899610383792,120.62799089479292
2085,29.0,111.10618344917708,163.3324710409784
2086,29.0,93.12534970341476,180.35004583607488
2087,29.0,92.80426338652616,149.20467309787946
2088,29.0,39.182848466127815,143.10403307699582
2089,29.0,66.79627171854852,156.26857206942893
2090,29.0,43.67805690256839,134.11361620411463
2091,29.0,49.77869692345204,141.17751517566413
2092,30.0,98.9049034074098,132.50818461967162
2093,30.0,103.40011184385038,189.34046270895604
2094,30.0,84.13493283053361,173.92831949830264
2095,30.0,94.73078144096372,155.9474857525403
2096,30.0,50.42086971033515,103.61041609969642
2097,30.0,103.40011199695626,39.07206640508526
2098,30.0,121.05985942582996,129.61840776767406
2099,30.0,50.42086971033515,142.46186044321857
2100,30.0,117.5279099400552,32.008167433535775
2101,30.0,108.85857938406266,1.5049673291175627
2102,30.0,72.89691189253804,170.07528369563926
2103,31.0,93.44643617340924,155.30531311876308
2104,31.0,95.69404039162954,143.746205710773
2105,31.0,106.61097516584238,195.44110272983968
2106,31.0,121.38094574271857,141.49860149255272
2107,31.0,118.17008257383245,123.51776774679044
2108,31.0,81.56624244853059,134.11361620411463
2109,31.0,102.11576672940184,19.16471475799127
2110,31.0,117.52790978694937,13.70624740916132
2111,31.0,102.11576657629594,26.549700094274947
2112,32.0,116.88573730627802,21.09123269759941
2113,33.0,107.25314764651374,194.47784382701943
2114,33.0,64.22758133654551,67.00657602224015
2115,33.0,122.0231183764958,8.568866348512634
2116,33.0,99.5470761942929,174.57049217992542
2117,34.0,115.28030572183492,158.8372626045378
2118,35.0,51.70521497788959,166.2222480460818
2119,37.0,105.64771621517654,183.5609088518552
2120,39.0,103.07902568006764,143.74620555766722
2121,39.0,98.90490356051566,201.54174259761749
2122,39.0,104.36337094762207,189.66154887273885
